1.8 - 3 6, 16 17.5
1.9 - 1.5 6, 17 18.5, 21.5 24
1.10 - 0 1.5, 16.5 23.5
1.11 - 4.5 7, 20.5 24
1.12 - 0 0.5, 18 23.5
1.13 - 2 4.5, 20 24
1.14 - 0 4, 17 21.5
1.15 - 0.5 5, 20.5 24
1.16 - 0 5.5, 21.5 24
1.17 - 0 5, 22 24
1.18 - 0 5, 21 24
1.19 - 0 5.5, 21.5 24
1.20 - 0 7, 22 24
1.21 - 0 7.5, 22.5 24
1.22 - 0 6.5, 23.5 24
1.23 - 0 6.5
1.24 - 0 7, 17 17.5
1.25 - 0.5 7
1.26 - 0.5 7.5
1.27 - 0 8, 16.5 17.5
1.28 - 0.5 9
1.29 - 0 7.5
1.30 - 1.5 7.5, 17 18.5
1.31 - 2.5 8
2.1 - 0.5 7.5, 13.5 14
2.2 - 1 7, 17.5 19
2.3 - 1.5 8.5, 16 18
2.4 - 2 9
2.5 - 1.5 7.5
2.6 - 1 8, 19 20
2.7 - 2 8
2.8 - 1 8, 19 20
2.9 - 2 8, 16.5 20
2.10 - 2.5 8.5
2.11 - 0 6, 9 10
2.12 - 0.5 8.5
2.13 - 1 8.5, 19 20.5
2.14 - 2 8, 18 19
2.15 - 2 8.5
2.16 - 1 8.5
2.17 - 0.5 9.5
2.18 - 1 5.5, 7 10
2.19 - 1.5 8, 15.5 16
2.20 - 1.5 8.5, 23 24
2.21 - 0 7.5
2.22 - 0.5 8
2.23 - 1 8.5
2.24 - 0 9.5
2.25 - 1.5 9.5
2.26 - 2 8.5
2.27 - 1 8, 16 17
2.28 - 2.5 8, 22.5 24
3.1 - 0 7.5
3.2 - 1.5 7.5

3.12 - 2.5 7.5, 19.5 20
3.13 - 1.5 8.5
3.14 - 1 8, 17 18.5
3.15 - 2 8
3.16 - 1.5 8, 14.5 15
3.17 - 1.5 9, 14.5 15.5
3.18 - 1 9.5
3.19 - 2 9
3.20 - 1.5 8.5
3.21 - 0.5 8, 14.5 15
3.22 - 0.5 8.5
3.23 - 0.5 9
3.24 - 0.5 8.5
3.25 - 0.5 8
3.26 - 0.5 8.5, 14.5 15
3.27 - 1 9
3.28 - 1 8
3.29 - 1 9
3.30 - 0 8
3.31 - 1.5 8.5
4.1 - 0.5 9
4.2 - 0.5 8, 18 19.5
4.3 - 3 9
4.4 - 1 7.5
4.5 - 1.5 8
4.6 - 1 8
4.7 - 2 8
4.8 - 0 7, 9.5 11.5
4.9 - 0 7, 9 9.5
4.10 - 1.5 8.5
4.11 - 1 8
4.12 - 1 8
4.13 - 0 7
4.14 - 0 10
4.15 - 1 9.5
4.16 - 1.5 7.5, 23 24
4.17 - 0 1, 3.5 9, 15.5 17.5
4.18 - 1.5 8.5
4.19 - 1.5 9
4.20 - 1 8.5, 17 19
4.21 - 1 7.5
4.22 - 1 10
4.23 - 2 9
4.24 - 1.5 9, 19.5 21
4.25 - 1 8.5, 11.5 12.5
4.26 - 1 7.5
4.27 - 0 7.5, 10.5 12
4.28 - 2 9.5, 15 16
4.29 - 1 9, 16 17
4.30 - 2 8.5, 19.5 21
5.1 - 2.5 8, 16.5 18.5
5.2 - 2.5 9
5.3 - 2.5 8, 17 18.5, 23 24
8.21 - 0 4, 14.5 17.5, 23 24
8.22 - 0 3, 18.5 24
8.23 - 0 1, 5.5 8, 19.5 22
8.24 - 0 5, 21 24
8.25 - 0 4, 8 9.5, 21.5 24
8.26 - 0 4.5, 22 24
8.27 - 0 5, 21.5 24
8.28 - 0 5.5, 11 11.5, 21.5 24
8.29 - 0 4.5, 6 7.5, 22 24
8.30 - 0 5.5, 23 24
8.31 - 0 5.5, 7 8, 22 24
9.1 - 0 8, 22.5 24
9.2 - 0 7, 23 24
9.3 - 0 5, 6 8, 22.5 24
9.4 - 0 6, 7 8.5, 22.5 24
9.5 - 0 6, 22.5 24
9.6 - 0 6, 22.5 24
9.7 - 0 7, 23 24
9.8 - 0 3.5, 6.5 8.5, 23 24
9.9 - 0 7.5
9.10 - 0 7.5
9.11 - 0.5 6.5, 7.5 8.5
9.12 - 0 7.5, 23 24
9.13 - 0 5, 6.5 8
9.14 - 0 7, 17 19
9.15 - 1.5 8.5
9.16 - 1 9, 17 17.5
9.17 - 3 7.5
9.18 - 0 8, 20 20.5
9.19 - 1 7.5
9.20 - 0.5 8
9.21 - 0 7.5
9.22 - 0.5 7.5, 9.5 11.5
9.23 - 1 9
9.24 - 1 7.5, 12.5 13
9.25 - 0 8
9.26 - 1 7.5
9.27 - 0.5 8, 19 20.5
9.28 - 2 8
9.29 - 1 4, 5.5 9.5
9.30 - 1 8.5
10.1 - 1.5 8
10.2 - 0.5 8, 11.5 12
10.3 - 0.5 8
10.4 - 0.5 8, 19 22
10.5 - 3 8
10.6 - 1 8.5
10.7 - 2 10, 18.5 19.5
10.8 - 1 6.5, 12 13
10.9 - 2 8.5
10.10 - 1.5 8, 15.5 16.5
10.11 - 1.5 8
10.12 - 0.5 8, 16.5 17.5
10.13 - 2 8, 10 11.5
10.14 - 2.5 10.5
10.15 - 0 7
10.16 - 0.5 7, 13 14
10.17 - 1 6.5
10.18 - 0.5 8, 23.5 24
10.19 - 0 7, 9 10.5
10.20 - 0 9
10.21 - 0.5 9, 16.5 17.5
10.22 - 1 8, 15.5 17
10.23 - 2 8.5
10.24 - 1 7.5, 12.5 13
10.25 - 0 8
10.26 - 2 8.5
10.27 - 1.5 10
10.28 - 2 9
10.29 - 1 8, 20 23
10.30 - 5.5 8.5
10.31 - 1 8
11.1 - 1 8, 23 24
11.2 - 0 7.5
11.3 - 1.5 8.5, 15.5 16.5
11.4 - 1.5 9
11.5 - 1 8, 14.5 15.5
11.6 - 1 7
11.7 - 0 7.5
11.8 - 0.5 7.5
11.9 - 1 9
11.10 - 1.5 9.5
11.11 - 0.5 9, 14.5 15.5
11.12 - 3.5 8, 18 19
11.13 - 1 8, 19 21
11.14 - 2.5 8, 9.5 10
11.15 - 1.5 8, 13.5 14.5
11.16 - 2 8

11.26 - 3 8
11.27 - 1 8.5
11.28 - 2.5 8, 16.5 17
11.29 - 2.5 8.5
11.30 - 0.5 8
12.1 - 1.5 9, 18.5 20
12.2 - 2 10, 19 19.5
12.3 - 3 8.5, 16.5 18
12.4 - 2 8.5, 13.5 14.5
12.5 - 1 8, 19.5 21.5
12.6 - 2 8, 13.5 14
12.7 - 1.5 9.5, 19.5 21.5
12.8 - 2 8, 19.5 21.5
12.9 - 3 10, 18.5 20
12.10 - 2 9, 20 20.5
12.11 - 3.5 10.5
12.12 - 2.5 9.5
12.13 - 1 9
12.14 - 1.5 10
12.15 - 1 8, 12.5 13