1.5 - 2 6, 15.5 20
1.6 - 6 11, 19 24
1.7 - 0 0.5, 19.5 24
1.8 - 0 3, 21 24
1.9 - 0 2, 22 24
1.10 - 0 4.5, 18 24
1.11 - 0 2, 22 24
1.12 - 0 4, 13 16, 23 24
1.13 - 0 5, 21.5 24
1.14 - 0 6, 23 24
1.15 - 0 5, 7 9, 22 24
1.16 - 0 5.5, 21 24
1.17 - 0 6, 11.5 12, 22 24
1.18 - 0 4.5, 7 9
1.19 - 0 6.5, 23 24
1.20 - 0 4.5, 6 7, 23.5 24
1.21 - 0 8.5
1.22 - 0.5 8
1.23 - 1 7.5
1.24 - 0 5.5, 7 8.5
1.25 - 0 8, 16.5 17
1.26 - 2 8.5
1.27 - 1.5 8.5
1.28 - 2 9
1.29 - 1.5 5.5, 7.5 9
1.30 - 0 5.5, 7.5 8.5
1.31 - 0.5 8.5
2.1 - 0 9
2.2 - 2 9.5
2.3 - 2 9.5
2.4 - 0 8.5, 19 20
2.5 - 2 8.5, 22 23
2.6 - 3 9, 18 19
2.7 - 2 8.5
2.8 - 3 9
2.9 - 2 10, 18.5 19.5
2.10 - 2 10, 21 22
2.11 - 3 9, 19.5 20.5
2.12 - 3.5 9, 11 12
2.13 - 2 9, 17.5 19.5
2.14 - 2 8.5
2.15 - 2 9.5
2.16 - 1 10.5
2.17 - 2 11
2.18 - 3 9.5, 18.5 19
2.19 - 2.5 5.5, 6.5 9
2.20 - 2.5 9
2.21 - 2 9, 11.5 12.5, 21.5 24
2.22 - 0 4.5, 7 9
2.23 - 2 8.5
2.24 - 3.5 10
2.25 - 1.5 9, 20 21.5
2.26 - 3.5 8.5
2.27 - 2 8.5, 17.5 20
2.28 - 4 9, 11.5 12
3.1 - 2 9, 20 21

3.11 - 3 8.5
3.12 - 1.5 8.5, 19 19.5
3.13 - 2 8, 9.5 11
3.14 - 0.5 8.5
3.15 - 1 9, 14.5 16.5
3.16 - 1 8.5, 17 18.5
3.17 - 2 9.5, 19 20.5
3.18 - 2.5 9
3.19 - 2 8.5
3.20 - 1 9, 19 19.5
3.21 - 1.5 7.5, 12 13
3.22 - 2 9
3.23 - 2.5 10
3.24 - 1.5 8, 18 19.5
3.25 - 3 10, 17.5 18.5
3.26 - 3.5 8.5, 20 22
3.27 - 3.5 9
3.28 - 1.5 8.5
3.29 - 1 9.5
3.30 - 1.5 10
3.31 - 1.5 8.5, 20 22
4.1 - 3 9.5
4.2 - 1.5 8.5, 18.5 21
4.3 - 3 9, 17 18
4.4 - 3 8.5, 14 16
4.5 - 3.5 9.5
4.6 - 3 10, 22.5 24
4.7 - 0 1, 8 10, 20.5 24
4.8 - 0 6.5
4.9 - 1.5 8.5, 21.5 24
4.10 - 0 1, 2.5 9
4.11 - 2.5 9, 19.5 21.5
4.12 - 5 9
4.13 - 2 10.5
4.14 - 1 10, 19 20
4.15 - 5 8.5
4.16 - 1 8.5, 19 22
4.17 - 3 9
4.18 - 2 9
4.19 - 1 9
4.20 - 1.5 10
4.21 - 2 10
4.22 - 2.5 6
4.23 - 2 6, 7.5 11.5
4.24 - 4 10.5
4.25 - 4 10.5
4.26 - 3 10.5
4.27 - 2.5 11.5
4.28 - 1 8, 20 21.5
4.29 - 3.5 10.5
4.30 - 2.5 9.5
5.1 - 1.5 8
5.2 - 4 9
5.3 - 1 9.5
5.4 - 1 8
5.5 - -1 7, 17 18
5.6 - 1.5 10, 18 20
5.7 - 3 9
5.8 - 1.5 10
5.9 - 1.5 9.5
5.10 - 2 6.5, 19 24
5.11 - 8.5 12.5
5.12 - 1 9.5
5.13 - 0 7.5
5.14 - 2.5 9.5
5.15 - 2 9.5, 21.5 24
5.16 - 0 2, 10 13
5.17 - 3.5 9.5
5.18 - 3 9.5, 10.5 13
5.19 - 2 8.5, 16 16.5
5.20 - 4.5 7, 10 11
5.21 - 0 8.5
5.22 - 2 8.5, 16 17
5.23 - 2 8.5, 14.5 15
5.24 - 2 8.5, 16 16.5
5.25 - 1 10
5.26 - 0.5 8.5
5.27 - 1.5 7.5, 16.5 19
5.28 - 1.5 7.5, 13 14
5.29 - 0.5 8
5.30 - 0.5 8, 18.5 21.5
5.31 - 5 8.5
6.1 - 1.5 9, 17.5 20.5
6.2 - 2 9, 21 24
6.3 - 2 8, 14.5 15
6.4 - 1 8, 15.5 16.5
6.5 - 3 8.5
6.6 - 1.5 8, 14.5 15
6.7 - 1.5 8.5
6.8 - 2 9.5, 14 17
6.9 - 5 10.5
6.10 - 1 8.5, 15 15.5
6.11 - 2 8, 18.5 21.5
6.12 - 4 8.5
6.13 - 2 8
6.14 - 1 8.5
6.15 - 4 10, 20 24
6.16 - 10 12, 19 22
6.17 - 2.5 8.5
6.18 - 3 8.5
6.19 - 1 8.5
6.20 - 1 8.5
6.21 - 2 8.5
6.22 - 1.5 9.5
6.23 - 1 9.5
6.24 - 1 8.5
6.25 - 1.5 8
6.26 - 1 8
6.27 - 0.5 8
6.28 - 1.5 8.5
6.29 - 0.5 8.5, 15 17.5
6.30 - 1 8, 19.5 22
7.1 - 4.5 8.5, 19 23
7.2 - 4 8.5, 13.5 15
7.3 - 2 8, 20 22.5
7.4 - 4 9, 17.5 18
7.5 - 3.5 8.5, 16 17.5
7.6 - 2 10
7.7 - 2 10, 15.5 17.5
7.8 - 2 9
7.9 - 2.5 9
7.10 - 1 7.5
7.11 - 1.5 8.5
7.12 - 1.5 8, 14 15
7.13 - 1.5 9.5
7.14 - 0.5 9
7.15 - 1 8, 17.5 19.5
7.16 - 2 6.5
7.17 - 2 8.5
7.18 - 1 8.5, 19.5 21
7.19 - 2 8.5, 20 22
7.20 - 3.5 9.5, 18 21
7.21 - 3.5 10
7.22 - 1.5 8.5
7.23 - 1.5 8.5
7.24 - 2 8
7.25 - 1 8.5
7.26 - 2 8
8.19 - 3 5, 17.5 23.5
8.20 - 17 23
8.21 - 2 5, 21 24
8.22 - 0 3, 21.5 24
8.23 - 0 5.5
8.24 - 0 6.5, 21 24
8.25 - 0 6.5, 21.5 24
8.26 - 0 6, 21.5 24
8.27 - 0 6, 21 24
8.28 - 0 6.5, 22.5 24
8.29 - 0 6, 15.5 16, 23 24
8.30 - 0 7.5, 23.5 24
8.31 - 0 7.5, 23.5 24
9.1 - 0 6.5, 12 12.5
9.2 - 0 7.5
9.3 - 0 7
9.4 - 0.5 7.5, 14.5 15.5
9.5 - 3 7.5, 18.5 20
9.6 - 4 8
9.7 - 1 9.5
9.8 - 0.5 9, 23.5 24
9.9 - 0 8, 14.5 15
9.10 - 2.5 8, 13.5 14.5
9.11 - 2.5 8
9.12 - 1 8
9.13 - 1.5 7.5, 15.5 17.5
9.14 - 2.5 8, 14 15
9.15 - 1 8
9.16 - 2 7.5
9.17 - 1 8
9.18 - 0 8, 16 17.5
9.19 - 4 8, 14 14.5
9.20 - 1 8.5, 19 20
9.21 - 2 9
9.22 - 3 7, 12 14.5
9.23 - 2 8.5
9.24 - 2 8, 13 14
9.25 - 3.5 8.5, 16 16.5
9.26 - 1 7
9.27 - 1.5 8
9.28 - 1.5 9, 11 12.5
9.29 - 2 8
9.30 - 1 8.5
10.1 - 1.5 8.5, 18 19
10.2 - 1.5 8, 18 20
10.3 - 2.5 8.5, 12.5 13
10.4 - 2.5 9, 18.5 20.5
10.5 - 2.5 10
10.6 - 2.5 8.5, 15.5 17.5
10.7 - 2.5 8.5
10.8 - 0.5 7.5, 10 11.5
10.9 - 4 9
10.10 - 2 9, 18 19
10.11 - 3 9, 16.5 18
10.12 - 3 10
10.13 - 2.5 8.5, 15 17.5
10.14 - 4 9
10.15 - 1.5 8.5
10.16 - 2 8.5
10.17 - 4 8.5
10.18 - 1.5 9
10.19 - 1 8.5
10.20 - 3 9.5
10.21 - 1 8
10.22 - 1.5 9
10.23 - 1 8.5, 17.5 19
10.24 - 4 9.5
10.25 - 1 7.5, 19.5 20.5
10.26 - 2 9, 16.5 18
10.27 - 1 10
10.28 - 1 8.5
10.29 - 1 9
10.30 - 1 9
10.31 - 1.5 9
11.1 - 1.5 6, 7 9
11.2 - 1.5 7.5
11.3 - 0 5, 7.5 9.5
11.4 - 0 7, 19 20
11.5 - 2 7.5, 23.5 24
11.6 - 0 7.5, 18.5 20
11.7 - 2.5 7.5, 14 14.5
11.8 - 2.5 9, 14.5 16.5
11.9 - 2.5 10.5
11.10 - 1.5 8.5, 19 22
11.11 - 5 9, 19 21
11.12 - 3.5 7
11.13 - 1.5 8, 19 19.5
11.14 - 1 9, 13 14
11.15 - 3 9.5, 17.5 18.5
11.16 - 3 10
11.17 - 2 10
11.18 - 2 9, 15 15.5
11.19 - 1.5 9.5, 12 13
11.20 - 2 9, 22 23
11.21 - 4 9, 12.5 14
11.22 - 4.5 9.5, 20 21
12.2 - 2.5 7.5, 14.5 16
12.3 - 1.5 7.5
12.4 - 1.5 8.5
12.5 - 1.5 8.5
12.6 - 1 8.5, 20 22.5
12.7 - 3.5 8.5
12.8 - 1.5 9, 12 13
12.9 - 3.5 8.5
12.10 - 1.5 8, 10.5 12
12.11 - 1 7.5, 16.5 18.5
12.12 - 3.5 10.5