1.1 - 2 10, 16 18 (10)
1.2 - 3.5 9.5 (6)
1.3 - 3 9, 12 13 (7)
1.4 - 1.5 9, 19 21 (9.5)
1.5 - 2 8.5, 18 19 (7.5)
1.6 - 0 7, 16 16.5 (7.5)
1.7 - 1 6, 7 8, 17 18 (7)
1.8 - 2.5 8.5 (6)
1.9 - 2 9 (7)
1.10 - 3 9 (6)
1.11 - 1 9.5 (8.5)
1.12 - 2 9.5 (7.5)
1.13 - 1 9.5 (8.5)
1.14 - 1 9, 15.5 17.5 (10)
1.15 - 2.5 9, 19 20.5 (8)
1.16 - 1.5 9, 12.5 13.5 (8.5)
1.17 - 2 8.5, 13.5 15.5 (9.5)
1.18 - 2 9, 16.5 17.5 (8)
1.19 - 4 9.5, 20 22 (7.5)
1.20 - 2 8.5 (6.5)
1.21 - 2 9.5, 17 18 (8.5)
1.22 - 1.5 6.5, 13 15 (7)
1.23 - 0 8.5, 13.5 15 (10)
1.24 - 1.5 8.5 (7)
1.25 - 1.5 9 (7.5)
1.26 - 0.5 6.5, 9.5 11, 14.5 15.5 (8.5)
1.27 - 3 7, 10.5 11, 16.5 18 (6)
1.28 - 2.5 9 (6.5)
1.29 - 1.5 9 (7.5)
1.30 - 1.5 8, 12 13 (7.5)
1.31 - 1.5 7.5, 15.5 16.5 (7)
2.1 - 2 8.5, 14.5 15.5 (7.5)
2.2 - 1 9, 17 18.5 (9.5)
2.3 - 2 6.5, 7 8.5, 16.5 17 (6.5)
2.4 - 1 9, 14.5 16 (9.5)
2.5 - 1.5 8.5 (7)
2.6 - 1.5 8.5 (7)
2.7 - 1.5 8.5 (7)
2.8 - 1.5 9 (7.5)
2.9 - 1 9, 16 17 (9)
2.10 - 1.5 8, 17.5 19.5 (8.5)
2.11 - 2.5 9.5, 14.5 15.5 (8)
2.12 - 2.5 8.5, 16 18 (8)
2.13 - 2 8.5, 19.5 21 (8)
2.14 - 1.5 8.5, 19.5 21.5 (9)
2.15 - 4 9.5 (5.5)
2.16 - 2 9.5, 16 17 (8.5)
2.17 - 1.5 8.5 (7)
2.18 - 1.5 8.5 (7)
2.19 - 2 8, 11 12 (7)
2.20 - 3 10, 16 17 (8)
2.21 - 2 9 (7)
2.22 - 1 5, 14.5 17 (6.5)
2.23 - 1 7.5 (6.5)
2.24 - 0.5 9, 19 20 (9.5)
2.25 - 0.5 8.5 (8)
2.26 - 2 9 (7)
2.27 - 0 9, 13.5 14.5 (10)
2.28 - 1 8.5 (7.5)
3.1 - 2.5 8, 16.5 17.5 (6.5)
3.2 - 1.5 8.5, 19.5 20.5 (8)
3.3 - 0 7, 9 10.5, 16.5 17 (9)
3.4 - 1 8.5 (7.5)
3.5 - 1 10, 19 21 (11)
3.6 - 3 9.5, 17.5 18.5 (7.5)
3.7 - 2.5 9.5 (7)
3.8 - 1 9.5 (8.5)
3.9 - 1 9.5 (8.5)
3.10 - 2 10 (8)
3.11 - 3 8.5 (5.5)
3.12 - 2 7.5 (5.5)
3.13 - 0 9 (9-1) [DST ends]
3.14 - 2.5 10, 22 24 (9.5)
3.15 - 0 2.5, 5 9, 18.5 21.5 (9.5)
3.16 - 4.5 8.5, 9 9.5 (4.5)
3.17 - 2 9.5, 18.5 21 (10)
3.18 - 3 10 (7)
3.19 - 6 10.5, 17.5 18.5 (5.5)
3.20 - 4 10, 20.5 22.5 (8)
3.21 - 3 10 (7)
3.22 - 6 7, 10 11.5, 12 14, 22 24 (6.5)  --- start of EDT ---
3.23 - 0 1.5, 6.5 7, 10 10.5, 19.5 21.5 (4.5)
3.24 - 0.5 10 (9.5)
3.25 - 4 9 (5)
3.26 - 2 10, 18 19 (9)
3.27 - 3.5 10.5, 19.5 21 (8.5)
3.28 - 2 8, 17 19 (8) --- back to PDT ---
3.29 - 1 9 (8)
3.30 - 1.5 9, 14 16 (9.5)
3.31 - 0.5 8.5, 17.5 18.5 (9)
4.1 - 1.5 8.5, 18 20 (9)
4.2 - 2.5 10 (7.5)
4.3 - 1.5 9 (7.5)
4.4 - 1.5 8, 13.5 16 (9)
4.5 - 2.5 9, 18 19.5 (8)
4.6 - 2 8, 10 11 (7)
4.7 - 2 8, 20.5 24 (9.5)
4.8 - 0 1, 4.5 9, 20.5 23 (8)
4.9 - 4 10, 17.5 18 (6.5)
4.10 - 1.5 9 (7.5)
4.11 - 2 10, 16 17.5 (9.5)
4.12 - 2 9, 22 24 (9)
4.13 - 0 0.5, 3 9 (6.5)
4.14 - 1.5 9 (7.5)
4.15 - 1 8.5, 14 15 (8.5)
4.16 - 1 8.5, 10.5 11.5 (8.5)
4.17 - 2 8.5, 20.5 22.5 (8.5)
4.18 - 3 8.5, 13.5 14.5 (6.5)
4.19 - 2 9, 15.5 17 (8.5)
4.20 - 2.5 10.5, 14.5 15 (8.5)
4.21 - 2 7.5 (5.5)
4.22 - 1.5 9 (7.5)
4.23 - 1 8.5, 14 16 (9.5)
4.24 - 2.5 8.5, 15.5 16 (6.5)
4.25 - 0.5 9.5, 15 16 (10)
4.26 - 2 8.5, 10.5 11.5 (7.5)
4.27 - 1.5 9 (7.5)
4.28 - 1.5 8.5, 17 17.5 (7.5)
4.29 - 1.5 9, 11 12 (8.5)
4.30 - 4 9 (5)
5.1 - 2.5 9, 11 12.5 (8)
5.2 - 2 9 (7)
5.3 - 3 10 (7)
5.4 - 0.5 9.5, 18.5 19 (9)
5.5 - 1 8.5 (7.5)
5.6 - 1 8, 20 21 (8)
5.7 - 2.5 9.5 (7)
5.8 - 2.5 10.5, 20 21.5 (9.5)
5.9 - 3 9.5, 16.5 18.5 (8.5)
5.10 - 3.5 10.5, 18 20 (9)
5.11 - 2.5 10, 13 13.5 (8)
5.12 - 1.5 7.5, 8 8.5, 19.5 20.5 (7.5)
5.13 - 3 9 (6)
5.14 - 3 9.5, 16.5 18 (8)
5.15 - 3 10.5, 19.5 21 (9)
5.16 - 4 8.5, 10 11, 14 15 (6.5)
5.17 - 3 11 (8)
5.18 - 3 10 (7)
5.19 - 2.5 8.5 (6)
5.20 - 2 10 (8)
5.21 - 4 10, 17.5 19.5 (8)
5.22 - 3.5 11.5 (8)
5.23 - 3 10, 14.5 15.5 (8)