1.1 - 0.5 7 (6.5)
1.2 - 1 7, 14.5 15.5 (7)
1.3 - 2 7, 17.5 19 (6.5)
1.4 - 0.5 7.5, 18.5 21.5 (10)
1.5 - 1 8.5, 13.5 14.5 (8.5)
1.6 - 2 9 (7)
1.7 - 1 9 (8)
1.8 - 0.5 8 (7.5)
1.9 - 1 8, 12.5 15.5 (10)
1.10 - 2.5 9, 15.5 17.5 (8.5)
1.11 - 1 9, 13.5 15.5 (10)
1.12 - 2.5 9, 17 19 (8.5)
1.13 - 3 8, 9.5 11.5 (7)
1.14 - 1.5 10, 15.5 16, 23 24 (10)
1.15 - 0 2.5, 5.5 9.5 (6.5)
1.16 - 2 8.5, 15 15.5 (6.5)
1.17 - 1 8.5, 15.5 16.5 (8.5)
1.18 - 2.5 10, 18.5 22 (11)
1.19 - 5 9 22 22.5 (4.5)
1.20 - 1.5 8, 9 10.5, 19 20 (9)
1.21 - 3.5 9.5 (6)
1.22 - 2.5 8.5, 16.5 19.5 (9)
1.23 - 4.5 10.5 (6)
1.24 - 3 8, 16 17.5 (6.5)
1.25 - 2 9, 13 14.5 (8.5)
1.26 - 1 8.5, 14 18 (11.5)
1.27 - 2 5.5, 9.5 12 (6)
1.28 - 2 10, 16 18.5 (10.5)
1.29 - 5 9.5, 19 22 (7.5)
1.30 - 3 9.5, 21 23.5 (9)
1.31 - 5 10, 22 24 (7)
2.1 - 0 8, 10.5 11 (8.5)
2.2 - 2 9, 18 19.5 (8.5)
2.3 - 4 9.5, 17.5 19 (7)
2.4 - 4 10.5 (6.5)
2.5 - 3 10 (7)
2.6 - 2.5 10.5 (8)
2.7 - 3 9.5 (6.5)
2.8 - 2 10, 17 17.5 (8.5)
2.9 - 2 10, 15 16 (9)
2.10 - 3.5 9.5, 17.5 19.5 (8)
2.11 - 4.5 10 (5.5)
2.12 - 2 9.5, 18 18.5 (8)
2.13 - 2 9, 12 14 (9)
2.14 - 3 9.5, 12.5 15 (9)
2.15 - 3.5 11 (7.5)
2.16 - 3 11, 19 20.5 (9.5)
2.17 - 4.5 10.5, 17 19 (8)
2.18 - 6.5 11 (4.5)
2.19 - 4 9.5 (5.5)
2.20 - 3.5 11 (7.5)
2.21 - 3 11, 17.5 20 (10.5)
2.22 - 3 9.5 (6.5)
2.23 - 3 11 (8)
2.24 - 3.5 11, 17 18 (8.5)
2.25 - 3 9.5, 18 20.5 (9)
2.26 - 3.5 10.5 (7)
2.27 - 2 8.5, 21 22 (7.5)
2.28 - 2.5 9, 16 18.5 (9)
3.1 - 5.5 11, 20 22 (7.5)
3.2 - 4 9.5, 18 20.5 (8)
3.3 - 3.5 9.5, 18 19.5 (7.5)
3.4 - 4 11, 22 24 (7)
3.5 - 0 3, 9 12, 21 24 (9)
3.6 - 6 11 (5)
3.7 - 2 8, 18 20 (8)
3.8 - 5 10.5 (5.5)
3.9 - 5 10.5 18.5 21.5 (8.5)
3.10 - 11 14.5 (3.5)
3.11 - 3.5 10.5 (7)
3.12 - 5 10 (5)
3.13 - 2.5 8, 10.5 13.5 (9.5)
3.14 - 3.5 10, 11 14 [DST ENDS] (9.5)
3.15 - 8 11.5, 13 16, 21 22.5 (8)
3.16 - 5.5 12 (6.5)
3.17 - 4 12.5, 18 22 (12.5)
3.18 - 6.5 12, 18.5 20.5 (7.5)
3.19 - 7 12.5, 21 24 (8.5)
3.20 - 11 11.5, 23.5 24 (1)
3.21 - 0 6, 23 24 (7)
3.22 - 0 4, 9 9.5 (4.5)
3.23 - 0.5 11, 17 21 (14.5)
3.24 - 2.5 8.5, 13.5 15.5 (8)
3.25 - 3 8.5, 14.5 16.5 (7.5)
3.26 - 2 10.5 (8.5)
3.27 - 0 7.5, 17 18 (8.5)
3.28 - 3.5 9.5, 14 17.5 (9.5)
3.29 - 3 9.5, 22 24 (8.5)
3.30 - 0 3, 5.5 8.5, 14 16 (8)
3.31 - 2.5 9, 14 15.5 (8)
4.1 - 2.5 10 (7.5)
4.2 - 2 10 (8)
4.3 - 4 8, 18 21 (7)
4.4 - 1.5 9, 17 24 (12.5)
4.5 - 4 9.5, 15.5 17 (7)
4.6 - 2 10 (8)
4.7 - 0.5 7.5, 10 11 (8)
4.8 - 4 10.5, 16 17 (7.5)
4.9 - 2 9.5, 16 17 (8.5)
4.10 - 2 9.5, 18 20.5 (10)
4.11 - 5 10, 19.5 22 (7.5)
4.12 - 3 8.5, 13.5 15 (7)
4.13 - 3.5 9.5, 14 16 (8)
4.14 - 3 9.5 (6.5)
4.15 - 2 9 (7)
4.16 - 1.5 9.5, 14 15 (9)
4.17 - 2 9, 17 20 (10)
4.18 - 3.5 9, 20 23 (8.5)
4.19 - 4 9, 16 19 (8)
4.20 - 2 8.5 (6.5)
4.21 - 2 8, 20 22.5 (8.5)
4.22 - 4 10.5, 18 20 (8.5)
4.23 - 4 8.5 (4.5)
4.24 - 2 9.5, 21.5 23.5 (9.5)
4.25 - 5 11, 20 22.5 (8.5)
4.26 - 3.5 9, 19.5 20 (6)
4.27 - 4 9, 18 20 (7)
4.28 - 3 8, 19 21.5 (7.5)
4.29 - 5 10, 18.5 21 (7.5)
4.30 - 4.5 9 (4.5)
5.1 - 4 7, 15.5 17, 22 24 (6.5) --- 1st day of CDT ---
5.2 - 5.5 13, 23 24 (8.5)
5.3 - 0 3.5, 14 16, 22.5 24 (7)
5.4 - 0 2.5, 10.5 12, 21 24 (7)
5.5 - 0 1.5, 8.5 12 (5)
5.6 - 1 9.5, 14 15 (9.5)
5.7 - 6.5 12, 14 15 (6.5)
5.8 - 0 8.5, 12 16 (12.5)
5.9 - 7.5 8, 23 23.5 (1)
5.10 - 1 9, 14 16 (10)
5.11 - 4.5 10.5, 20 21.5 (7.5)
5.12 - 4.5 12, 16 16.5, 21 23 (10)
5.13 - 5 10, 13 15 (7)
5.14 - 5 10, 16 19 (8)
5.15 - 4.5 9.5, 17.5 19.5 (7)
5.16 - 5 9.5, 15.5 16, 21 22 (6)
5.17 - 2 10, 18.5 20 (9.5) --- back to PDT ---
5.18 - 2 9.5, 19 21.5 (10)
5.19 - 5 8.5, 9 11, 18.5 20 (7)
5.20 - 4.5 9, 19.5 20 (5)
5.21 - 2.5 9.5, 16 16.5, 21.5 22 (8)
5.22 - 3 11, 23.5 24 (8.5)
5.23 - 0 6, 10 13 (9)
5.24 - 2 9.5, 20 23 (10.5)
5.25 - 4.5 9.5 (5)
5.26 - 3 8.5, 12 12.5, 19.5 22.5 (10)
5.27 - 6.5 11 (4.5)
5.28 - 3 9.5, 14 16 (8.5)
5.29 - 2.5 9.5, 21.5 24 (9.5)
5.30 - 4 11 (7)
5.31 - 3.5 9.5, 19.5 22 (8.5)
6.1 - 4 10, 19 20.5 (7.5)
6.2 - 6 11.5, 18.5 21.5 (8.5)
6.3 - 6 11, 15.5 18 (7.5)
6.4 - 5 11 (6)
6.5 - 4 11 (7)
6.6 - 3.5 9.5, 11 15 (10)
6.7 - 5.5 9, 12.5 16 (7)
6.8 - 3 11, 19 20.5 (9.5)
6.9 - 2 9.5 (7.5)
6.10 - 1 9 (8)
6.11 - 2.5 9.5, 20.5 23 (9.5)
6.12 - 7.5 11 (4.5)
6.13 - 1 7 10.5 11, 18 18.5 (7)
6.14 - 1 7 (6)
6.15 - 1 8.5, 17 20 (10.5)
6.16 - 2.5 8.5, 17 18.5 (7.5)
6.17 - 1.5 8.5, 18.5 20 (8.5)
6.18 - 2 7, 19 19.5 (5.5)
6.19 - 2.5 7, 15 17 (6.5)
6.20 - 2.5 8.5, 13 15.5 (8.5)
6.21 - 2 8.5, 18.5 21 (9)
6.22 - 3 9, 17 18 (7)
6.23 - 2 8.5 (6.5)
6.24 - 1 9, 17 19 (10)
6.25 - 2 8.5, 13 14, 18 19 (8.5)
6.26 - 3.5 8.5, 17 19 (7)
6.27 - 2 8, 16.5 17 (6.5)
6.28 - 2 6, 6.5 8.5, 17 18 (7)
6.29 - 2 9, 17 18.5 (8.5)
6.30 - 2 9, 17 18 (8)
7.1 - 2 8.5, 12 13.5 (8)
7.2 - 1.5 8.5 (7)
7.3 - 5.5 9, 18 21 (6.5)
7.4 - 2 9.5, 18 20 (9.5)
7.5 - 3 10.5, 22.5 24 (8.5)
7.6 - 0 1, 6 9, 19 21 (6)
7.7 - 2.5 9.5, 18 20.5 (9.5)
7.8 - 4 9 (5)
7.9 - 2.5 8.5, 12 13 (7)
7.10 - 4 9, 12 14.5 (7.5)
7.11 - 2 8.5 (6.5)
7.12 - 2 9, 12 13, 19 21 (10)
7.13 - 2 9, 20 23 (10)
7.14 - 3.5 8.5, 16 17.5 (6.5)
7.15 - 2.5 9.5 (7)
7.16 - 2 9, 12 13.5 (8.5)
7.17 - 2.5 9.5 (7)
7.18 - 2 8, 15 17 (8)
7.19 - 2 8, 12 13.5, 16.5 17.5 (8.5)
7.20 - 2.5 9.5 (7)
7.21 - 1.5 9, 17 19.5 (10)
7.22 - 2.5 9, 12 13.5 (8)
7.23 - 4.5 9, 13 13.5 (5)
7.24 - 3 9, 18 21 (9)
7.25 - 5 9, 12 15.5 (7.5)
7.26 - 1 8, 13 14 (8)
7.27 - 1.5 9.5, 20 22.5 (10.5)
7.28 - 4 9.5, 13 14 (6.5)
7.29 - 4.5 9.5, 12 14 (7)
7.30 - 2 9.5 (7.5)
7.31 - 3.5 10, 15 16 (7.5)
8.1 - 1 8.5 (7.5)
8.2 - 2 9, 17 19 (9)
8.3 - 3.5 10, 20 22 (8.5)
8.4 - 4 10 (6)
8.5 - 2 9.5, 17 17.5 (8)
8.6 - 3 6.5, 7 10 (6.5)
8.7 - 3 10 (7)
8.8 - 2 9, 17 17.5, 21 24 (10.5)
8.9 - 5.5 9, 12 13 (4.5)
8.10 - 2 10 (8)
8.11 - 3 10 (7)
8.12 - 3 10, 20 21 (8)
8.13 - 2 8, 14.5 15 (6.5)
8.14 - 1.5 8, 17 17.5 (7)
8.15 - 2 9 (7)
8.16 - 1 7, 10 11, 17 19 (9)
8.17 - 2 9, 16 19 (10)
8.18 - 2 9, 16 18 (9)
8.19 - 3 9.5, 17 18.5 (8)
8.20 - 5 10, 13 14 (6)
8.21 - 3 7.5, 20 21 (5.5)
8.22 - 5 9, 19 21.5 (6.5)
8.23 - 1.5 9, 12 13 (8.5)
8.24 - 1 8.5, 18 20 (9.5)
8.25 - 1.5 8.5 (7)
8.26 - 0.5 8 (7.5)
8.27 - 2.5 8, 13 14 (6.5)
8.28 - 1.5 9 (7.5)
8.29 - 3 8, 20 21 (6)
8.20 - 2.5 8.5, 12.5 13.5 (7)
8.31 - 2 8, 12 14 (8)
9.1 - 2.5 7.5, 18 19.5 (6.5)
9.2 - 1.5 8.5, 16 17 (8)
9.3 - 2 8, 13 14 (7)
9.4 - 3 6.5, 8 9 (4.5)
9.5 - 0.5 9, 15 17 (10.5)
9.6 - 0.5 8, 10 12 (9.5)
9.7 - 0.5 8, 13.5 15 (9)
9.8 - 0.5 9 (8.5)
9.9 - 2 3, 4 8.5, 15.5 17 (7)
9.10 - 3 8.5, 17 19 (7.5)
9.11 - 2 8, 16 17 (7)
9.12 - 2 10 (8)
9.13 - 1.5 7, 15 16 (6.5)
9.14 - 1.5 9, 11.5 12.5 (8)
9.15 - 0 7, 17.5 19 (8.5)
9.16 - 0 8, 12.5 14 (9.5)
9.17 - 1.5 8, 16 17 (7.5)
9.18 - 2.5 9.5, 16 17 (8)
9.19 - 1.5 8, 12 12.5 (7)
9.20 - 1 8.5, 16.5 17 (8)
9.21 - 0.5 7, 16.5 17.5 (7.5)
9.22 - 0.5 8, 16 16.5 (8)
9.23 - 0.5 7.5 (7)
9.24 - 1.5 8.5, 15.5 17 (8.5)
9.25 - 0.5 6, 7 7.5, 14 15, 23 24 (7)
9.26 - 0 4, 6 9 (7)
9.27 - 0 8, 17 18 (9)
9.28 - 1.5 7, 21 24 (8.5)
9.29 - 0 0.5, 4 8.5, 16 16.5, 23.5 24 (6.5)
9.30 - 0 7, 12.5 13 (7.5)
10.1 - 0 6.5, 9 9.5, 22 24 (9)
10.2 - 0 1, 4 9, 12 12.5 (6.5)
10.3 - 0 7, 8 9, 15 16 (9)
10.4 - 1 6.5, 7.5 9, 19 19.5 (7.5)
10.5 - 2.5 8, 17.5 18.5 (6.5)
10.6 - 0 7.5, 18.5 20 (9)
10.7 - 0.5 6, 16.5 18.5, 23.5 24 (8)
10.8 - 0 8, 14.5 15.5 (9.5)
10.9 - 0 8.5 (8.5)
10.10 - 1 9.5 (8.5)
10.11 - 1 9.5, 18 19.5 (10)
10.12 - 3 8.5, 17.5 18 (6)
10.13 - 1.5 8 (6.5)
10.14 - 0 7.5 (7.5)
10.15 - 0 7.5, 15 15.5 (8)
10.16 - 1 8, 16 17.5 (8.5)
10.17 - 1 9 (8)
10.18 - 0.5 9 (8.5)
10.19 - 0 7.5, 18 19 (8.5)
10.20 - 1 7.5, 10 10.5, 23.5 24 (7.5)
10.21 - 0 7.5, 19 21 (9.5)
10.22 - 1 3.5, 4 7 (5.5)
10.23 - 0 9 (9)
10.24 - 1 8.5 (7.5)
10.25 - 1 8.5, 17.5 18.5 (8.5)
10.26 - 0.5 7.5 (7)
10.27 - 0 8 (8)
10.28 - 0 8 (8)
10.29 - 0 6.5, 10 11, 19 20 (8.5)
10.30 - 0.5 8, 14 15.5 (9)
10.31 - 0.5 7.5 (7)
11.1 - 1 7, 8 9, 18 19.5 (8.5)
11.2 - 1.5 7.5, 14 15 (7)
11.3 - 0 8 (8)
11.4 - 0.5 7.5, 19 21 (9)
11.5 - 1.5 8.5 (7)
11.6 - 1 10 (9)
11.7 - 1.5 6.5, 16 17, 23.5 24 (6.5+1) [DST Starts]
11.8 - 0 7, 9.5 10, 19 20.5 (9)
11.9 - 0.5 7, 23.5 24 (7)
11.10 - 0 7, 10 11, 23.5 24 (8.5)
11.11 - 0 7, 17 18.5 (8.5)
11.12 - 0.5 8 (7.5)
11.13 - 0.5 7, 15 16.5 (8)
11.14 - 1 8 (7)
11.15 - 0 8 (8)
11.16 - 0.5 8, 14 15.5 (8)
11.17 - 0.5 6, 6.5 9, 19.5 20.5 (9)
11.18 - 1 3.5, 4.5 7.5, 23.5 24 (6)
11.19 - 0 6.5 (6.5)
11.20 - 0 6.5, 10.5 11.5 (7.5)
11.21 - 0.5 7, 14.5 15 (6.5)
11.22 - 1 5.5, 18.5 19, 23.5 24 (5.5)
11.23 - 0 7 (7)
11.24 - 0.5 7, 15 17, 19.5 21 (10)
11.25 - 2 7, 14 16, 23.5 24 (7.5)
11.26 - 0 8, 14.5 15 (8.5)
11.27 - 1 8.5 (7.5)
11.28 - 0.5 9.5, 17.5 18.5 (10)
11.29 - 1 7.5, 19.5 22 (9)
11.30 - 2 7.5, 17.5 20 (8)
12.1 - 2 8, 18.5 19.5 (7)
12.2 - 2 8, 14 15 (7)
12.3 - 2 8.5 (6.5)
12.4 - 2 8.5 (6.5)
12.5 - 1.5 8.5 (7)
12.6 - 1 9, 17 18.5 (9.5)
12.7 - 2 8.5, 18 20 (8.5)
12.8 - 3 8.5, 15 17 (7.5)
12.9 - 1 8.5 (7.5)
12.10 - 2 7.5 (5.5)
12.11 - 1 6, 9.5 11.5, 16 17 (8)
12.12 - 0.5 8, 13.5 15, 20 21 (10)
12.13 - 1.5 8, 17 18.5 (8)
12.14 - 1.5 7, 14 16 (7.5)
12.15 - 2 5, 16 17 (4)
12.16 - 0 7.5, 22.5 24 (7.5)
12.17 - 0 5.5, 23 24 (8)  --- start of Hawaii time ---
12.18 - 0 7.5 (7.5)
12.19 - 0.5 6.5, 7.5 9, 16 16.5 (8)
12.20 - 1 8.5 (7.5)
12.21 - 0.5 8 (7.5)
12.22 - 2 8.5, 15 15.5 (7)
12.23 - 1 9.5, 13 14 (9.5)  --- back to PDT ---
12.24 - 2.5 10.5 (8)
12.25 - 2.5 9.5, 15.5 17 (8.5)
12.26 - 2.5 9.5, 13 16 (9)
12.27 - 3.5 6.5, 10.5 12.5, 17 18 (6)
12.28 - 3 6.5, 8 11, 22 23 (7.5)
12.29 - 3 9.5, 16 18 (8.5)
12.30 - 9.5 10, 15 17 (2.5)
12.31 - 0.5 9, 14.5 15.5 (9.5)
