1.5 - 0 2, 13.5 19.5
1.6 - 4.5 7.5, 17 23.5, 20 24
1.8 - 0 1.5, 18 20, 23 24
1.9 - 0 4.5, 19 24
1.10 - 0 2.5, 16 17, 20.5 24
1.11 - 0 2.5, 8 10
1.12 - 0 5, 12 12.5, 22 24
1.13 - 0 6, 19 21.5
1.14 - 1 6.5, 21.5 24
1.15 - 0 5, 23 24
1.16 - 0 7.5, 23.5 24
1.17 - 0 6, 23.5 24
1.18 - 0 8
1.19 - 0.5 4, 6 9.5
1.20 - 1 5.5, 7 8.5
1.21 - 0.5 5, 6.5 8.5
1.22 - 1 8, 15.5 16.5
1.23 - 1 8.5
1.24 - 2 9.5
1.25 - 1.5 9, 13 14
1.26 - 1.5 9.5, 15 17
1.27 - 2.5 8.5, 20 24
1.28 - 0 1, 6 8.5, 19 23
1.29 - 4.5 8
1.30 - 2.5 8.5, 15.5 17.5
1.31 - 3.5 10, 18.5 23
2.1 - 4.5 10, 17 18
2.2 - 3.5 10, 13 13.5
2.3 - 3.5 8
2.4 - 0.5 8.5, 19.5 23.5
2.5 - 4.5 8.5
2.6 - 3 8.5
2.7 - 3.5 11.5
2.8 - 3.5 10, 17.5 18
2.9 - 4 11.5, 19.5 23
2.10 - 5 8, 13.5 14.5
2.11 - 3 9, 19.5 22.5
2.12 - 6 9, 12 14.5
2.13 - 4.5 8.5, 18.5 20.5
2.14 - 4.5 11.5
2.15 - 3.5 12
2.16 - 4 11.5, 19.5 21
2.17 - 6.5 9, 13 15
2.18 - 4 8.5, 19 21
2.19 - 3.5 8, 12 15
2.20 - 4 8.5, 18.5 19.5
2.21 - 3.5 10.5, 23 24
2.22 - 0 5.5, 10 10.5
2.23 - 4 11, 19.5 22
2.24 - 6 8, 15 16, 23.5 24
2.25 - 0 8.5, 20 21
2.26 - 5.5 8.5
2.27 - 0.5 8.5, 13.5 14
2.28 - 2.5 9

3.9 - 3.5 8
3.10 - 2.5 10, 16 20
3.11 - 4 11, 22 22.5
3.12 - 3.5 10
3.13 - 3 11, 19.5 22.5
3.14 - 5.5 12, 19.5 22.5
3.15 - 6 11, 14.5 16
3.16 - 6 11, 14 15.5
3.17 - 0.5 8.5, 15 17
3.18 - 5.5 11, 19.5 23

7.12 - 9 17
7.13 - 0 3, 12.5 16, 22.5 24
7.14 - 0 1, 11 13.5, 15 20
7.15 - 4.5 7, 14 18.5, 22 24
7.16 - 5 8.5, 15.5 20.5
7.17 - 4 6.5, 15 20.5, 22.5 24
7.18 - 16.5 23
7.19 - 7 9.5, 18 24
7.20 - 0 1, 7.5 9, 18.5 24
7.21 - 0 0.5, 7 9, 20 24
7.22 - 0 1.5, 9 11.5, 23.5 24
7.23 - 0 5.5, 13 15.5, 21 24
7.24 - 0 1.5, 4 6, 21 24
7.25 - 0.5 6, 13.5 16, 23.5 24
7.26 - 0 6.5, 22 24
7.27 - 0 5.5, 16.5 19
7.28 - 2 8
7.29 - 0 8.5, 16.5 18.5
7.30 - 3 9
7.31 - 1 9
8.1 - 3.5 8
8.2 - 3 9, 16 19
8.3 - 2 9, 17 19.5
8.4 - 2.5 11
8.5 - 5 12
8.6 - 4 11
8.7 - 4.5 10
8.8 - 4.5 8, 10.5 14

9.14 - 5.5 9.5, 17.5 19.5 (6)
9.15 - 4.5 11 (6.5)
9.16 - 2 8.5, 17 19 (8.5)
9.17 - 3.5 10, 17 18.5 (8)
9.18 - 4 8 (4)
9.19 - 2 7.5, 10 11, 19 20.5 (8)
9.20 - 2.5 9, 11.5 14.5 (8.5)
9.21 - 3 8, 10 11, 19 22 (9)
9.22 - 4 10 (6)
9.23 - 1 8, 11 11.5, 19 22 (10.5)
9.24 - 3 8, 10 13 (8)
9.25 - 2 8, 19.5 22 (8.5)
9.26 - 4 8, 15 16 (5)
9.27 - 3.5 12 (8.5)
9.28 - 2.5 10, 19.5 20.5 (8.5)
9.29 - 4 9, 22 24 (7)
9.30 - 0 4, 10 11, 23 24 (6)
10.1 - 0 7.5 (7.5)
10.2 - 2 9 (7)
10.3 - 3.5 11, 13 15 (9.5)
10.4 - 1 6.5, 21 23 (7.5)
10.5 - 2.5 8.5, 13 14 (7)
10.6 - 1.5 9 (7.5)
10.7 - 1.5 9, 13 14 (8.5)
10.8 - 1.5 8.5, 21.5 24 (9.5)
10.9 - 0 0.5, 5 9 (4.5)
10.10 - 2 8, 10 11 (7)
10.11 - 2 8, 11 14 (9)
10.12 - 4 10, 18 20 (8)
10.13 - 4.5 8, 11 12, 13 14 (5.5)
10.14 - 3 8.5 (5.5)
10.15 - 1 8, 17.5 20 (9.5)
10.16 - 3 9.5, 13 15.5 (9)
10.17 - 3 10 (7)
10.18 - 0.5 3, 7 11, 17.5 19 (8)
10.19 - 1.5 9, 12.5 13.5, 23.5 24 (9)
10.20 - 0 8 (8)
10.21 - 4.5 8.5, 12.5 14, 22 24 (7.5)
10.22 - 0 3.5, 6.5 9, 16 17 (7)
10.23 - 2 8, 13 15.5 (8.5)
10.24 - 4 10 (6)
10.25 - 1 8, 14 16 (9)
10.26 - 1.5 9.5 (8)
10.27 - 2.5 10 (7.5)
10.28 - 3 9.5 (6.5)
10.29 - 2.5 9.5 (7)
10.30 - 2 6.5, 11 14 (7.5)
10.31 - 2 10.5 (8.5)
11.1 - 1.5 7.5, 17 18 (8) [DST ENDS; hrs +1]
11.2 - 2.5 8 (5.5)
11.3 - 1 8 (7)
11.4 - 0.5 7 (6.5)
11.5 - 0 4.5, 5 8, 13.5 14, 17.5 19 (9.5)
11.6 - 3 7, 7.5 9.5 (7)
11.7 - 1 10.5 (9.5)
11.8 - 1.5 10, 16.5 17.5 (9.5)
11.9 - 2 7, 7.5 10.5, 18 20 (10)
11.10 - 3.5 8, 13.5 15 (6)
11.11 - 3.5 10.5, 19.5 22 (9.5)
11.12 - 2 7, 10.5 12 (6.5)
11.13 - 3.5 8.5 (5)
11.14 - 2 6.5, 12.5 15 (6)
11.15 - 2.5 7, 8 9.5 (6)
11.16 - 1 9, 17 19 (10)
11.17 - 1 8.5 (7.5)
11.18 - 1 5, 9.5 11, 19.5 22 (8)
11.19 - 2 9, 19 19.5 (7.5)
11.20 - 2 9, 18 20.5 (9.5)
11.21 - 3 9 (6)
11.22 - 0.5 8 (7.5)
11.23 - 2.5 8.5, 21 24 (9)
11.24 - 0 1, 6 10.5 (5.5)
11.25 - 1.5 7.5, 19.5 22 (8.5)
11.26 - 2.5 9.5, 20 22.5 (9.5)
11.27 - 3.5 9.5, 18 19 (7)
11.28 - 2.5 10 (7.5)
11.29 - 2 9, 10 11 (8)
11.30 - 2.5 9.5, 20 24 (11)
12.1 - 0 1, 3 9 (7)
12.2 - 2.5 9.5, 16.5 19 (9.5)
12.3 - 3 11 (8)
12.4 - 1 10 (9)
12.5 - 1 7, 18.5 21.5 (9)
12.6 - 3.5 10.5, 17.5 20.5 (10)
12.7 - 3.5 8, 18 20 (6.5)
12.8 - 2.5 10 (7.5)
12.9 - 1.5 10, 18.5 20 (10)
12.10 - 1 8.5, 17.5 19.5 (9.5)
12.11 - 1.5 9 (7.5)
12.12 - 3 10, 18.5 21 (9.5)
12.13 - 2 9, 16.5 18.5 (9)
12.14 - 5 9 (4)
12.15 - 1 8, 20 22 (9)
12.16 - 2 9.5, 18 21 (10.5)
12.17 - 4 8.5 (4.5)
12.18 - 2.5 9 (6.5)
12.19 - 2.5 9 (6.5)
12.20 - 2.5 8.5, 14.5 15.5 (7)
12.21 - 2.5 10, 18 22 (11.5)
12.22 - 4 8.5, 16.5 19.5 (7.5)
12.23 - 3.5 8.5 (5)
12.24 - 2.5 10 (7.5)
12.25 - 2.5 8, 16 19 (8.5)
12.26 - 1.5 9.5 (8)
12.27 - 2 11, 19 21.5 (11.5)
12.28 - 5.5 9.5, 11 12.5, 20.5 21 (6.5)
12.29 - 2 9 (7)
12.30 - 0.5 9 (8.5)
12.31 - 1 8 (7)
