8.23 - 0 6
8.24 - 0 7
8.25 - 0 7, 15.5 18.5
8.26 - 2 8
8.27 - 0 8
8.28 - 0 7
8.29 - 0 7.5, 18 18.5
8.30 - 2 7, 18 20
8.31 - 1.5 7.5, 17 18.5
9.1 - 1.5 7.5, 16 16.5
9.2 - 0.5 8.5, 16 16.5
9.3 - 0.5 9.5
9.4 - 0.5 7.5, 17.5 19.5
9.5 - 1.5 7.5
9.6 - 0 7.5
9.7 - 0.5 7.5, 17.5 18.5
9.8 - 1 8, 17 19
9.9 - 2.5 9, 17 19
9.10 - 2 9
9.11 - 1 8, 19.5 21.5
9.12 - 2 8, 18 19.5
9.13 - 2.5 8, 16.5 17
9.14 - 1.5 8, 16 17.5
9.15 - 3 8, 14.5 16
9.16 - 1 10, 15.5 17
9.17 - 6 10.5
9.18 - 1.5 8
9.19 - 1.5 8.5, 14.5 15.5
9.20 - 1 8.5, 17 19
9.21 - 2.5 8.5
9.22 - 2 8.5, 17.5 19
9.23 - 2.5 9.5
9.24 - 4 10, 16 17.5
9.25 - 2.5 8.5, 17.5 19
9.26 - 2 8
9.27 - 2 8
9.28 - 0 8.5, 16.5 17.5
9.29 - 2 8, 17 19
9.30 - 2.5 9.5
10.1 - 1.5 10
10.2 - 2.5 8.5
10.3 - 2 8.5, 18 20
10.4 - 2.5 8.5, 17 19
10.5 - 3 8.5, 16 18
10.6 - 7.5 10.5, 15 17
10.7 - 2 10
10.8 - 2 10
10.9 - 3 8.5, 18 19.5
10.10 - 2.5 8.5, 17 19
10.11 - 3.5 8.5, 17 19.5
10.12 - 3 10
10.13 - 1 10.5
10.14 - 2 10.5
10.15 - 4.5 11.5
10.16 - 2 8, 17.5 19
10.17 - 2 8.5, 11 12
10.18 - 2 8.5, 18 19
10.19 - 3 8.5
10.20 - 1.5 8.5
10.21 - 2.5 9.5, 20 21.5
10.22 - 4 10
10.23 - 2 8.5, 17 18.5
10.24 - 2.5 8.5
10.25 - 2 8
10.26 - 2 8.5, 17 19
10.27 - 2.5 8
10.28 - 1 10
10.29 - 1 8.5
10.30 - 1.5 8, 18 19.5
10.31 - 2 8.5, 19 20.5
11.1 - 3 8, 18 19.5
11.2 - 2 8.5
11.3 - 2 8.5, 18.5 19.5
11.4 - 2.5 9.5
11.5 - 2 10
11.6 - 1 7.5
11.7 - 2 7.5
11.8 - 2 7.5, 17 18
11.9 - 1.5 7, 13 13.5
11.10 - 1.5 8, 16 18
11.11 - 2 9.5
11.12 - 1 8.5
11.13 - 1 8, 14.5 15
11.14 - 0.5 7.5, 15 16
11.15 - 0.5 8, 16.5 17.5
11.16 - 1 8.5
11.17 - 2 7.5
11.27 - 1.5 8, 15.5 18
11.28 - 1.5 8
11.29 - 1 8, 16 18
11.30 - 1.5 8.5
12.1 - 0.5 8, 17 19
12.2 - 3 9.5
12.3 - 2 9.5
12.4 - 2.5 8, 16.5 18.5
12.5 - 3 8.5, 18 20.5
12.6 - 2.5 8
12.7 - 1 8.5, 14.5 15.5
12.8 - 2 9
12.9 - 2 8, 14.5 16
12.10 - 2 10, 15.5 17.5
12.11 - 3 7.5, 20.5 21.5
12.12 - 3 7, 15 16.5
12.13 - 2.5 9.5, 17.5 18
12.14 - 2 7.5, 16 17
12.15 - 2 10